Pair 1: A=3,4 B=3,4

Addition - 3,4
903710.47632299992,1008456.397449,1301741.13063,344575.26983
980489.23394099995,642184.15104899998,1218029.777154,1319312.7983889999
882116.99469600001,1431965.2827590001,1433481.668147,776431.88725200004

Subtraction - 3,4
-711535.55547300004,378723.88968500006,-557316.94593599997,-38856.812489999982
262209.84729499999,6933.7470730000059,-449269.26163599995,670789.294261
-353473.28224600002,243725.08859699999,262291.86564500001,-676854.68910600001

Element-wise multiplication - 3,4
77602444578.418213,218388130234.41986,345981948236.61011,29305566175.383572
223151283463.93542,103088101752.51314,320438417145.71655,322656995674.46094
163296757767.43564,497780663053.86182,496518167532.4928,36178551344.230629

Element-wise division - 3,4
0.11897563409353791,2.2028087640885503,0.40043083864764439,0.79732101573299574
1.7301054496896726,1.0218299650959748,0.46108136430997315,3.0686661007389038
0.42784709649735703,1.410228655442658,1.4479066759028618,0.068518625139678116

Transpose A - 4,3
96087.460424999997,621349.54061799997,264321.856225
693590.14356700005,324558.94906100002,837845.18567799998
372212.09234700003,384380.257759,847886.76689600002
152859.22867000001,995051.046325,49788.599072999998

Transpose B - 4,3
807623.01589799998,359139.69332299998,617795.13847100001
314866.25388199999,317625.20198800002,594120.09708099999
929529.038283,833649.51939499995,585594.901251
191716.04115999999,324261.752064,726643.28817900002

Matrix multiplication cannot be done (A.cols != B.rows).

Pair 2: A=4,6 B=6,2

Addition cannot be done (shapes differ).

Subtraction cannot be done (shapes differ).

Element-wise multiplication cannot be done (shapes differ).

Element-wise division cannot be done (shapes differ).

Transpose A - 6,4
829878.48287800001,793478.38114499999,113235.40060199999,714549.06965700001
128053.107625,269370.84873700002,831114.36017,525986.83670099999
933444.80809299997,998874.40776099998,418088.72423400002,81015.748839000007
195740.37445599999,445817.46845500002,401083.19162699999,777302.82703100005
42462.518964000003,395833.44754800003,13430.104739,103710.903016
395468.81132199999,343773.71081100003,624007.54371300002,272526.82889599999

Transpose B - 2,6
930489.94696299999,579206.49839800003,711238.873273,28484.704706,93657.711183000007,985084.235032
382161.961067,496647.99418799998,251224.62200500001,70524.870217000003,487315.80975900003,215947.439224

Matrix multiplication - 4,2
1909387651748.7415,735147325007.18323
1993201207759.6267,986535760087.79541
1511494756374.741,730663597908.80945
1327473719803.2793,718867546533.76807

Pair 3: A=5,5 B=5,5

Addition - 5,5
666756.44560700003,703491.63325900002,1810778.3851629999,640246.389907,758158.021053
1226811.393072,1531530.4812050001,161723.39523699999,788860.47271,159644.45823399999
517051.47432699997,1285033.994436,702360.69722600002,1399973.2871269998,218357.03536000001
424110.38401099999,570538.39505599998,985374.85709599999,174042.982495,851095.90616600006
1006814.6533120001,944201.5515709999,150705.83058800001,1237150.2803790001,829021.72781899991

Subtraction - 5,5
421965.88198100007,-593833.51116900006,-104648.74876700004,29806.034401000012,333263.34767699998
-211635.83839200001,-125699.13460300001,-10540.900693000003,-542278.84072000009,91646.518538000004
175001.98771099999,20130.43338000006,-179821.34377000004,-361908.79978899995,-94730.375361999992
-199851.77995499998,417389.77472600003,791629.14374799991,-4.0235030000039842,-762438.31505999994
683115.02133000002,523556.57708299998,2869.2017159999959,-5079.5963589999592,133590.604979

Element-wise multiplication - 5,5
66627238050.619286,35565559769.52813,816991749888.75574,102256760025.55817,115934781495.53006
365069116519.84412,582446335605.01904,6510836494.8908062,82058626077.904388,4271817171.1728482
59179132850.230835,412726783127.0188,115243708333.13608,457236806326.11572,9676487718.745718
34982220968.694038,37824959046.813828,86071726941.442688,7572739934.8915758,35763014305.248215
136757403439.26912,154351270145.55411,5676003763.6829643,382628753485.66699,167357643864.33621

Element-wise division - 5,5
4.4475665706272487,0.084526321378245589,0.89073063974792321,1.0976542069414579,2.5686868702262449
0.70574403598162627,0.84830208994097167,0.87761943778200768,0.18524104089047089,3.6955675112430244
2.0232553741994943,1.0318291986832486,0.59232599301845146,0.58917931855191796,0.39486308220732624
0.35941058129322723,6.4507807360800404,9.1718364764654225,0.99995376532934954,0.054946210585255485
5.2206722148388849,3.4893038492627269,1.0388158433791697,0.99182180938629716,1.3841950714930416

Transpose A - 5,5
544361.16379400005,507587.77733999997,346026.731019,112129.30202800001,844964.83732100006
54829.061045000002,702915.67330100003,652582.21390800003,493964.08489100001,733879.06432699994
853064.81819799996,75591.247271999993,261269.67672799999,888502.00042199995,76787.516151999997
335026.21215400001,123290.815995,519032.24366899999,87019.479496,616035.34201000002
545710.68436499999,125645.488386,61813.329999000001,44328.795553000004,481306.16639899998

Transpose B - 5,5
122395.28181299999,719223.61573199998,171024.743308,311981.08198299998,161849.81599100001
648662.57221400004,828614.80790400004,632451.78052799997,76574.310165000003,210322.48724399999
957713.56696500001,86132.147964999996,441091.02049800003,96872.856673999995,73918.314436000001
305220.177753,665569.65671500005,880941.04345799994,87023.502999000004,621114.93836899998
212447.33668800001,33998.969848000001,156543.705361,806767.110613,347715.56141999998

Matrix multiplication - 5,5
444801799149.26227,1078490877314.6594,975136808092.98145,1322246594258.2153,711094364737.47021
639407976167.68787,995374328621.10693,601240994228.81519,778126295722.29529,286723281073.76361
728320875153.82507,983179616783.69922,557695784283.56628,853677628744.88818,576831304018.97607
555273598019.19788,1059961508107.619,553550730949.73157,1180815528325.79,265323503048.27652
914466115787.4751,1353166517426.3511,1001569596269.2375,1166549232672.5198,880836960541.12463

Pair 4: A=8,4 B=4,8

Addition cannot be done (shapes differ).

Subtraction cannot be done (shapes differ).

Element-wise multiplication cannot be done (shapes differ).

Element-wise division cannot be done (shapes differ).

Transpose A - 4,8
283787.05974200001,402888.30835599999,842184.02396300004,244202.729792,179152.880305,207577.601883,301503.38429700001,375266.48676300002
393203.84478400002,567769.48774699995,23326.058142999998,789196.65319400001,887232.70446599997,959221.85771500005,709552.53361399996,976894.27378799999
845554.56237000006,128644.61548199999,658458.15969799994,796158.25319199997,544837.31851200003,136934.37079700001,110626.06143099999,126615.849525
647635.78955099999,667428.589607,473045.266451,320251.57887799997,429445.29169799999,591528.15521400003,307943.29882099997,814253.63334599999

Transpose B - 8,4
244742.18312900001,188905.28833899999,585265.36137900001,281310.21610399999
354997.337619,798634.81142899999,953523.16258200002,625582.75841600006
32350.989135,998621.529523,247434.64440200001,790005.58796599996
806292.77145100001,459887.077514,475202.93027900002,106166.05923899999
989992.70532199997,595754.44302699994,352302.46888399997,345441.85626600002
604570.95392999996,638633.742936,300331.56038400001,488856.73016899999
321357.94612099999,33536.700943999997,65422.228949999997,417707.49183700001
983975.66983499995,126700.720934,68706.134707000005,628663.62479000003

Matrix multiplication - 8,8
820793310646.35876,1626175573214.282,1122698002153.4614,880211767294.05957,1036811525780.6006,993230492079.15552,430224371853.26923,794298621475.46997
468904141082.9989,1136662193341.7576,1139124119600.4597,717946342574.8335,1012987267834.1814,971084318034.04712,435718614437.44202,896795847216.6084
728969591281.29272,1241386157843.7466,587173154525.02808,1052896842197.5613,1243038713298.1956,953063935300.5603,512097159485.18372,1174270484402.5664
764904019174.24829,1676470440820.415,1246006639900.0974,972176821198.30334,1103043151777.8113,1047314080020.0199,290801471117.99915,596312804155.06189
651130974824.73535,1560342292369.3535,1365881261590.9805,856977332466.83362,1046228781504.6229,1048496433763.7523,302354047002.46527,596105398619.99634
478550934250.81409,1340377372800.6294,1465807794849.2798,736373884172.12915,1029541896112.3152,1068385067095.9419,354920142205.79272,707065876311.8811
359202020208.11407,971834782862.18066,988978016121.13745,654676995415.19995,866555564879.98694,819189030796.98926,256554185947.39206,587766251615.98315
579545770180.75537,1543514557102.1755,1662281963976.2661,898450030444.77136,1279384551385.9004,1286832968785.1848,501760012548.58051,1013617227695.7159

Pair 5: A=6,6 B=6,6

Addition - 6,6
1138824.0957269999,636566.66246600007,768780.37005699996,1055929.264773,883079.49415100005,1222803.127415
793424.81853000005,935446.75064400001,1124074.496699,635421.15006999997,1146344.4471760001,1054413.004224
497822.23144599999,1043984.085794,729415.85170299991,1545316.744038,1060718.2528220001,541552.75448499992
201594.607326,776317.26476299996,1182917.7814059998,926358.30269499996,998821.45460399997,1142422.0395899999
827666.68015399994,1456164.5636789999,1147040.074455,1202359.5474970001,509383.65543000004,1325215.5303229999
1569312.7136049999,1320597.8976050001,921177.91516399989,1005700.217068,1137828.625912,461597.02587100002

Subtraction - 6,6
499568.65524699999,-59665.700858000026,220154.192347,217150.48257300002,776404.71331499994,498916.40664299997
239166.608954,-479188.72132400004,-567854.49885299988,544908.59791000001,-127063.76030600007,89503.450079999922
-234098.79054000002,285942.54490200005,657139.442591,-399489.19776999997,-890605.12602600001,-251002.60905699997
79038.28557399998,101668.21810300002,-30024.877185999998,651296.61470099993,934483.80389800004,509996.95866399998
-169503.95084600005,177573.50719499995,-538737.48179899994,-529182.67970700003,-189485.43456600004,-209525.58950300002
-182431.56803099997,-198503.48183099995,634909.486332,776625.57249399996,823572.96336599998,428482.96128699998

Element-wise multiplication - 6,6
261837869925.78082,100414279976.0565,135638847244.25449,266958070030.59039,44256278533.059677,311582476899.58533
143080568955.20197,161359698161.57193,235271185565.37958,26708664470.009853,324490098097.03711,275943978975.1145
48256182597.395996,252034908101.52542,25053809426.700672,557103055067.3219,82986430341.492233,57569269034.217377
8598333779.1117382,148083017249.21667,349598246079.11462,108488106162.74458,31096079607.393677,261257804673.61145
164075136021.18512,522220721514.22992,256365714527.65103,291408543238.82733,55891744626.640778,428073807288.17255
607365279017.00977,426143793714.92902,111364673887.88237,102071411689.74727,154095388989.3338,7368541544.9189758

Element-wise division - 6,6
2.562970367125502,0.82860405806722348,1.8025653944036626,1.5177777196591562,15.556481058229338,2.3784377923411082
1.863015124798816,0.32252692538896044,0.32874901920132327,13.040508966021845,0.80043514788199421,1.185516766199711
0.36031680056191145,1.7544244727420262,19.184064500844041,0.58917320316430899,0.087178336835399078,0.36659917879995885
2.2898279655281861,1.3013958697676402,0.95049250354364934,5.7356403536301057,30.04936048001678,2.6128296427373177
0.66003019829010579,1.2777643505239427,0.36084392653068736,0.38877300086236377,0.45773697169212463,0.72695644001933712
0.79171438440704101,0.73865670255042659,5.4357632374794917,7.780545912781017,6.2414200380268241,26.879212755659946

Transpose A - 6,6
819196.37548699998,516295.71374199999,131861.72045299999,140316.44644999999,329081.36465399998,693440.57278699998
288450.48080399999,228129.01465999999,664963.31534800003,438992.74143300002,816869.03543699998,561047.20788700006
494467.28120199998,278109.99892300001,693277.64714699995,576446.45210999995,304151.29632800003,778043.70074799994
636539.87367300002,590164.87398999999,572913.77313400002,788827.45869799994,336588.43389500002,891162.89478099998
829742.103733,509640.34343499999,85056.563397999998,966652.62925100001,159949.11043199999,980700.79463899997
860859.76702899998,571958.22715199995,145275.07271400001,826209.49912699999,557844.97040999995,445039.993579

Transpose B - 6,6
319627.72024,277129.104788,365960.510993,61278.160876000002,498585.31550000003,875872.14081799996
348116.18166200002,707317.73598400003,379020.77044599998,337324.52333,639295.52824200003,759550.68971800001
274313.08885499998,845964.49777599995,36138.204555999997,606471.32929599995,842888.77812699997,143134.214416
419389.39110000001,45256.276080000003,972402.97090399999,137530.84399699999,865771.11360200006,114537.322287
53337.390418000003,636704.10374100006,975661.68942399998,32168.825353,349434.54499800003,157127.83127299999
361943.36038600001,482454.77707200003,396277.68177099997,316212.54046300001,767370.55991299998,16557.032292

Matrix multiplication - 6,6
1729437700792.7141,2075652580948.4407,1695246291808.0317,1741949100752.6323,1155466507438.2458,1483868185525.4409
1121246575268.9385,1405819199996.1106,1214021108861.137,1085196528561.4054,731071225359.16772,994310984775.6593
684897036205.33008,1136988101048.8315,1063703396139.6638,928612661972.30225,1177800893993.5488,892109407527.47424
1631413914323.0759,2089454500597.8794,1842135390283.4346,1679272501473.9978,1342387293598.3137,1495911096465.6711
1031843741068.3594,1447129979624.7097,1211102257487.7988,719403987900.79016,988777345482.92786,872149533359.76013
1595228580432.949,2198730413491.5581,2123749837101.6545,2095383026337.8965,1594601370231.9575,1871713813158.6907

Pair 6: A=7,3 B=7,3

Addition - 7,3
480069.71133399999,869842.23181899998,603684.56372700003
1326529.1795080001,869917.03537499998,851143.78363299998
1757940.4110670001,1115409.2244219999,823350.53312399995
619412.10137200006,1831245.9934180002,515827.41314299998
657984.7675229999,1264151.7319990001,966871.29860599991
804204.548847,1506811.6699359999,1516177.9835350001
1058665.6666369999,961911.51741300011,1028129.335652

Subtraction - 7,3
323570.86397000006,121984.55327899999,-218776.48802700001
-611725.74999400007,-697187.75548300007,-651913.39970299997
-139180.14163899992,-186324.20952199999,-63312.870397999999
50662.811290000041,119437.37033399998,-125867.859899
468307.20313899993,245104.44900300005,-931670.94792399998
-792623.96400100004,-245199.21399199998,438279.57218100003
-102754.27526299999,-191796.01497700001,-194737.60622800002

Element-wise multiplication - 7,3
31442205932.504459,185436319254.29544,79142975192.207565
346367817720.11145,67671220510.051399,74863664926.193924
767745844258.94019,302355256717.9223,168474395209.38525
95276157719.567657,834799150744.29419,62558800498.561234
53408079445.105927,384500852648.75183,16707338215.612022
4623052019.3870659,552589688528.25562,526676673591.2746
277553638157.78479,222122013992.68066,254781798887.20285

Element-wise division - 7,3
5.1351213688802186,1.3262239775812519,0.46799550553687114
0.36878710774008244,0.11022190787728342,0.13255010264334247
0.85327222200984831,0.71372908667257051,0.85718848855944896
1.1781551631746061,1.1395452373861994,0.60770208169895079
5.9379293187350033,1.4810462735004655,0.018540725520507281
0.0072522407715188012,0.720093960327159,1.8132112777315554
0.82305405382500774,0.66751362959435867,0.68150646720629138

Transpose A - 3,7
401820.28765200003,357401.71475699998,809380.13471400004,335037.45633100002,563145.98533099995,5790.2924229999999,477955.695687
495913.39254899998,86364.639945999996,464542.50744999998,975341.68187600002,754628.09050100006,630806.22797200002,385057.75121800002
192454.03784999999,99615.191965000005,380018.83136299998,194979.776622,17600.175340999998,977228.77785800002,416695.86471200001

Transpose B - 3,7
78249.423681999993,969127.46475100005,948560.27635299996,284374.64504099998,94838.782191999999,798414.25642400002,580709.97094999999
373928.83927,783552.39542900003,650866.71697199997,855904.31154200004,509523.64149800001,876005.441964,576853.76619500003
411230.52587700001,751528.59166799998,443331.70176099997,320847.63652100001,949271.12326499994,538949.20567699999,611433.47094000003

Matrix multiplication cannot be done (A.cols != B.rows).

Pair 7: A=10,8 B=8,10

Addition cannot be done (shapes differ).

Subtraction cannot be done (shapes differ).

Element-wise multiplication cannot be done (shapes differ).

Element-wise division cannot be done (shapes differ).

Transpose A - 8,10
902370.50234699994,34106.945570000003,886870.41120700003,397776.343528,980257.38551699999,986676.70432400005,403748.60066400003,741728.57681,372310.25232299999,735357.54351800005
796023.07201300003,346154.344041,140619.79814900001,650794.88800100004,19784.55834,698937.10302499996,502078.85541800002,638221.57967400004,751461.15070899995,724695.26496599999
87091.487513999993,742575.67128000001,918655.60710599995,920591.81275499996,719695.77985699999,888911.07973500004,341755.92651600001,806895.68502099998,301415.64507899998,580991.44846600003
718388.89665699995,53396.180673000003,40673.631695999997,981011.732143,978255.70389100001,500630.78226399998,487881.79761100002,395588.277397,765796.53440799995,992296.32951700001
762903.811644,435353.03912099998,729633.09951600002,354879.43716700003,464793.91142199998,393330.80332499999,243658.359991,191343.077644,293324.93626699998,525886.92449500004
282190.365337,371695.04684700002,458429.719958,146703.96849299999,687006.57134699996,404155.26228600001,563043.92369800003,679625.91544799996,481634.36696199997,12283.226963999999
740008.12735700002,358611.82835600001,669633.58320300002,289814.86956000002,712387.63913999998,201588.624388,997701.90536800004,481952.66102900001,768280.96118600003,713210.25029999996
73145.604909000001,791687.47592600004,277742.97844400001,262879.40802099998,574500.92955200002,120091.997322,365233.973252,33941.336130000003,35613.674851000003,502174.35844500002

Transpose B - 10,8
876885.90153799998,449797.956871,904754.83371799998,605900.99092000001,240876.113419,203059.462623,285037.05374300003,522363.40318099997
46526.250873999998,423312.07329700002,128284.382256,61802.545445999996,434935.00965299999,197845.34080000001,768878.84835700004,768167.00616300001
301000.078698,481295.22343800002,189734.33016000001,412715.52091199998,334007.834791,768901.40671100002,834552.91803199996,323628.22177800001
267669.37449399999,468221.60818899999,743071.95068899996,387795.03714700002,357580.25926700002,952985.222435,237708.35364300001,382281.64160899998
180091.895299,29813.312750000001,405608.61199900002,8719.0223750000005,63887.256184999998,821460.88979799999,526274.01002399996,660401.93303900003
986871.29401199997,579630.30779700004,327797.49575599999,343314.734727,939514.03420700005,736162.328049,352809.12481000001,30129.166969999998
219390.57263800001,501263.31478399999,75765.851930999997,321745.33463499998,588583.05151799996,429410.13171799999,684423.10555099999,362871.70756499999
177203.35291799999,61676.106154000001,877488.97688600002,519816.11571599997,742276.11234500003,662348.72526600002,901552.03405699995,397496.780837
478950.51213500003,3941.027904,644957.30182399997,206644.59243399999,180806.89023300001,500963.27088000003,408701.61563499999,386426.81897999998
486954.85063499998,455620.597244,706553.231333,608035.18789900001,809789.558861,185695.75338800001,737806.41342700005,234217.006459

Matrix multiplication - 10,10
2153599564019.6345,1447329096244.8672,2080790530524.4783,1703145967639.7681,946131128434.00476,2814886698566.7964,1937954368297.6504,2108275307273.2964,1249962649752.7979,2533746480910.5654
1585917710873.0676,1393444721796.1184,1326499283952.3486,1641486409647.6533,1362829521488.2959,1329069446108.3618,1203013313393.8369,1914095826708.8867,1225078278497.2969,1603038903164.7139
2301529781673.4209,1357412968448.0479,1770635401507.4131,1964762202647.5474,1495908868615.9141,2539431541473.8003,1533149637540.7324,2552423290124.2588,1768806658608.5166,2404835011332.5518
2404034718965.1816,1080864948508.0624,1570776261339.5151,1911776191666.8167,942304026568.4043,1959919784242.2266,1364493038819.863,2154745291442.6367,1347232571648.96,2327169512729.5054
2866963341745.2148,1533895804827.0796,2308807097099.8887,2395666781890.4375,1825926554402.6494,2761694529634.064,1858876169780.8201,2985623463247.6792,2077256594455.6965,2753794126870.3677
2584166093062.749,985030059231.8385,1657892551137.2205,2065657202543.6206,1105971516485.4985,2583909060789.4004,1381849929443.5176,2047326360798.8931,1554466405493.3271,2301807336698.5059
1832878638315.6108,1570358982723.7185,2094519861484.4053,1786786965939.5737,1474904515082.3665,1975406478137.9343,1723692727721.2502,2254460469935.6494,1391608440439.7571,2087004595982.1514
2246410723381.7407,1046955672664.621,1846469375426.4517,2093989164814.0559,1329904363631.0359,2353377304107.6279,1417694577472.8401,2124650771816.9702,1545080415190.542,2107310247061.8296
1807230650772.4873,1262358502962.1096,1967983966233.7781,1732570905294.3623,1060616546812.4491,2066978001207.6846,1645806941579.9993,2018423695440.9082,1156003695883.6506,2104429775460.2253
2692455941974.6084,1642127115928.4641,2032729601476.7209,1913937306130.3569,1149013087889.0125,2446753857260.1641,1873044804193.0391,2441727344077.0103,1521604510384.9136,2774092038102.0479

Pair 8: A=6,4 B=6,4

Addition - 6,4
715964.102189,1570238.8666059999,1043070.0261,376187.01308299997
1037408.737197,896931.64836300001,155974.55533800001,880232.95603900007
1003109.5989639999,1608879.3560919999,998747.11639300012,890931.42951300007
479408.244236,486749.881781,1489047.194813,518360.59722699999
1443110.454529,991979.87282299995,536532.36622800003,812796.16699100006
749309.22948900005,631951.00956899999,1349130.1846759999,1101143.6694509999

Subtraction - 6,4
169585.13597299997,-7211.4905299999518,501079.89697800006,297239.382659
-886353.742707,544634.29126499989,90879.325316000002,308819.21259499999
376822.24309199996,258986.67937000003,-459191.34836300003,-773084.49197900004
121831.26593400002,31107.104824999988,-502716.18607499998,-194156.88544699998
72474.448793000076,21765.464842999994,30660.731291999982,-21739.412416999985
554173.23186699999,42865.642139000003,1084.3793479999295,-2220.3914570000488

Element-wise multiplication - 6,4
120961369320.07999,616399523151.10779,209228504048.1929,13291354552.201445
72648482700.491867,126964967653.35985,4017252535.7488666,169860187707.34009
216058466161.20761,630354670591.97729,196659777022.97568,49024795088.912292
53747351820.590797,58989448860.805984,491134496159.66754,57750203147.763161
519328809560.76196,245887583156.52585,71731724891.714111,165041251755.75629
63589087619.870781,99381153804.822372,455037769831.33191,303128112658.44769

Element-wise division - 6,4
1.6207601187413128,0.99085677657318727,2.8490369844547807,8.5300393707228856
0.078520605359523377,4.0919010903252211,3.7921961497113026,2.0808952922052533
2.2033525491420414,1.3837144742482907,0.37008130389117611,0.070820799255535583
1.6814267882263079,1.1365416347991573,0.49520491148815982,0.45501158871681158
1.1057530204805659,1.0448673296623496,1.1212194128887223,0.94790057379597548
6.679866745453034,1.1455328701373444,1.0016088167682642,0.99597523331479043

Transpose A - 4,6
442774.61908099998,75527.497245000006,689965.92102799995,300619.75508500001,757792.45166100003,651741.23067800002
781513.68803800002,720782.96981399995,933933.01773099997,258928.493303,506872.668833,337408.325854
772074.96153900004,123426.940327,269777.88401500002,493165.50436899997,283596.54875999998,675107.28201199998
336713.19787099998,594526.084317,58923.468766999998,162101.85589000001,395528.37728700001,549461.63899699994

Transpose B - 4,6
273189.48310800001,961881.23995199997,313143.67793599999,178788.48915099999,685318.00286799995,97567.998810999998
788725.17856799997,176148.678549,674946.33836099994,227821.38847800001,485107.20399000001,294542.68371499999
270995.06456099998,32547.615011000002,728969.23237800004,995881.69044399995,252935.81746799999,674022.90266400005
39473.815212000001,285706.87172200001,832007.96074600006,356258.74133699998,417267.789704,551682.03045399999

Matrix multiplication cannot be done (A.cols != B.rows).

Pair 9: A=12,12 B=12,12

Addition - 12,12
1199026.6271939999,1008639.6330349999,1211547.757401,803787.48768100003,1135153.7927879998,1268906.1890720001,1047064.562617,699705.38372899999,729407.37158100004,1420826.6480200002,255957.35629600001,672984.11306800006
533817.54003200005,738563.06283800001,1125342.7735299999,1233861.682338,987888.25356900005,942029.15616399993,1382809.8007120001,1298872.2033190001,918223.22584500001,901550.74908600003,841512.19988099998,443974.40285499999
965541.6398430001,757709.742463,1551829.2306570001,1270294.2288549999,1066381.0535320002,900282.54614700004,624840.14736399997,922653.47727799998,766252.30084899999,917935.18867399998,918915.98956300004,447672.25803200004
681190.69209100003,812929.79632700002,1238138.6510119999,658389.414292,986605.06018399994,708602.55288799992,585356.79496099998,185385.88886100001,1675285.1976689999,958990.38181799999,182607.77196300001,1625609.2707520002
909281.79134500003,487270.59332799999,584780.37127100001,317724.97276699997,740631.40466,381259.82771799999,1009956.966248,1574666.184051,1648302.171689,1058363.859533,635014.19696899992,818671.80909899995
755489.57171499997,657325.33076500008,1378294.442179,1474787.3533010001,441005.98298900004,577352.578094,1384994.8767530001,1573884.775657,1132220.5164970001,502903.47693999996,222862.31597499998,831556.824012
568108.22187599994,1393328.317184,1376869.926649,1893996.576868,517773.16492100002,973127.23371300008,1396026.021093,1508291.4272059998,1292650.2524979999,669394.66077199997,1150016.538222,152973.20481899998
1516523.9108460001,1009109.882456,1027483.8885400001,746834.49397100008,1335966.2451830001,1377691.675697,1789791.9607869999,900783.09922099998,1268868.509514,642647.215815,1060735.52416,1226918.729754
222107.81260900002,1036754.876127,1325441.4049849999,941069.760366,563218.09370199998,227212.90351599999,1122369.9254109999,1140190.7748739999,1202729.1720659998,1009387.028981,777841.40765800001,1216689.1282649999
1238211.8637399999,1232847.527526,861287.08009400009,1657928.34197,1261313.6268569999,411666.29494299996,1340343.7019519999,1625259.8081120001,690185.88756099995,899657.32050799998,266586.43001700001,1180809.1780959999
464422.81077700004,944722.0986560001,1277124.788438,1216325.1973299999,1065663.75835,475099.25644999999,1098212.1618840001,954965.44286100008,1027469.6466920001,1335959.181504,199237.99018099997,1565569.264401
1518658.1465540002,503890.932042,949877.16052300006,812946.45419099997,1392677.2906240001,819117.8522330001,136319.421168,1306993.7150089999,831521.958675,1879906.9550429999,1398928.1555240001,1537269.7405030001

Subtraction - 12,12
555625.3982820001,57340.479446999962,338621.94227500004,-719442.07105899998,217346.44751199998,362363.54228200001,459869.58150500007,160804.302685,-403455.50550299999,-214326.25001600001,-78426.109674000007,-237071.67412000001
260680.01266000004,-133696.20939800004,789701.683388,-154725.36631800001,-980920.398193,-814137.02211999998,-24983.238631999935,276770.03337099997,-425395.67190700001,-759999.06347399997,-607347.049719,101764.81697100002
255980.02167900006,269142.95452100004,29245.692272999906,-701254.14828299999,-45148.948372000013,-67229.252547000011,-407887.46476800001,97044.617565999972,300316.08706300007,-456376.87764199998,-652599.25377900002,398762.28899999999
-644753.86031299992,253072.14492299996,-449148.09629800002,271519.464118,157833.25004399999,-137395.24537800002,202191.69471299998,104753.08111099999,154208.31128899998,332623.97886399995,48432.268309000006,-268687.63015800004
-742162.55113500007,295926.83083799999,-394993.13964299997,-143459.91324699999,337457.87519800005,194316.30158999999,217554.07634600002,-40525.973816999933,289827.47976700007,-222692.06227499997,-171541.39331899997,475169.46908299997
169896.44115299999,-640792.01630100003,163645.20061699999,143976.14909099997,-161713.56110700002,-444518.55857999995,-195368.75331099995,375620.97393099999,110493.21750899998,-89317.916649999999,169677.63905100001,-647643.52279399999
514866.52037999994,-452579.29705200001,-173194.702789,4756.4196939999238,90417.517168999999,39258.217689000012,-117508.48190300004,192154.37745999999,-367770.00138199999,218571.78731000001,109240.93964600004,-45536.813800999997
-40697.896114000003,343959.31233200006,-636535.21164400002,331287.86339900002,434905.77448700002,-617229.67939900002,182091.17425899999,-348180.09305100003,-271068.6397,-53066.012976999977,-151861.63968600007,174893.50364200003
-43103.415093000003,-715578.32913500001,601228.001819,715590.26833399991,-392208.280876,171354.60451599999,80834.774248999951,-456659.82183999999,-618118.81700399995,388821.18972699996,55298.699141999998,64565.969174999977
-634683.92104599997,-684814.49640199996,425063.84356600005,-118648.71541399998,-723167.320313,-209446.69947299999,-411421.20801399992,300393.13671599992,185239.821987,158904.61695399997,240665.06117100001,519032.80556399998
-409708.93872099998,166454.69223800005,-172960.53888199991,556080.74394800002,611530.96897799987,217870.24499000001,209258.68815599999,336012.45013300003,350638.40398600005,-658202.37001399999,-11192.928237,-285653.91942699999
-369627.97986199998,364191.25929800002,-125725.08658700006,736159.53103900002,-411751.47085200006,-201100.16974300001,40254.578967999994,489544.44437899993,-278908.387521,-26259.460274999961,573332.03927399998,210390.61567699991

Element-wise multiplication - 12,12
282236317376.04706,253516494686.44189,338295787168.32471,32119357935.717632,310333663758.72375,369703894972.51685,221216041573.6864,115932400064.3345,92314692199.005432,493203155569.45709,14840878390.859804,99176159442.96579
54251774261.349541,131900180345.31342,160691902297.58798,374618678039.93011,3429593487.1237912,56149960069.159134,477884695683.15442,402616837295.64227,165543103700.99747,58798794174.042664,84818085936.546661,46689298104.328178
216686221692.98206,125421530963.76318,601829662651.24231,280472511844.55084,283782530948.23022,201497222624.72421,56013256460.749702,210467945333.66342,124238209101.88875,158581289039.92773,104630202460.40999,10349771870.737518
12078304650.725014,149202335805.08243,332813326680.42438,89938450364.209229,237119552490.30557,120810031126.72749,75440273999.024796,5848679946.6338253,695700072564.56384,202255960276.02869,7749978441.9340115,642603114638.73181
68997030941.090164,37464985478.099724,46487125564.703529,20092102902.738533,108664265008.87395,26900057791.985798,243170824384.52563,619482809159.98047,658225020291.64563,267635576141.32382,93454145182.590012,111109376666.20233
135474923063.41483,5365545577.5539017,468228954414.13568,538567151487.37372,42083750296.546684,33934812627.436871,470010464715.4408,584005542747.00293,317428636715.31055,61233554220.911186,5219277671.9548244,68011154735.975487
14414854488.725372,434133944836.67871,466443597459.06317,896800102414.84912,64978430725.325668,236358851334.44971,483770102062.40137,559504931151.51807,383922475341.65674,100078896415.54327,327651113822.34296,5331799995.362195
574547113354.88513,224998686582.61496,162636516386.65182,112002528237.3613,398915693896.55664,379265469038.45386,792549516788.68811,172545203661.29672,384137271751.86786,102544860565.37401,275524473651.71735,368685457951.24866
11868494007.3188,140702082011.36819,348829951969.33588,93385715435.248627,40846821371.401894,5565825758.8340893,313294997184.8017,272874202556.20801,266121647351.03534,216920064173.59259,150494827335.14536,369040917615.68463
282586234968.03973,262735532911.16159,140284040807.43686,683662217359.50024,266985273031.61859,31400304617.990971,406813457239.67322,637808351819.54443,110510691934.64748,196033154263.5842,3287163250.1919169,281228815456.02844
11956783175.530254,216198169780.23746,400283094308.11365,292555297967.52557,190417279960.3689,44562964956.835068,290570188485.28973,199763657603.58105,233186646130.88351,337889143688.19775,9892623772.2114029,592352239988.27026
542424430649.49194,30317699511.273102,221614955671.48215,29737770560.539814,442502690517.755,157628194394.03488,4240638364.9219041,367144702012.67084,153409719782.28601,883340150091.27734,407072589264.92426,579733510975.30347

Element-wise division - 12,12
2.7271505658189992,1.120551940429527,1.7758321186230988,0.05537275464360715,1.4736210679304169,1.7994406960667595,2.5663266761378734,1.5967859718279938,0.28772402439119837,0.73785173206318555,0.53092112705694494,0.47899529356868853
2.9087821081792731,0.69344846502972579,5.7056317392718521,0.77714704098996579,0.0035391226921743088,0.072824619688876518,0.96450722807431755,1.5415701903559813,0.36679117476134532,0.08519256211398625,0.16162035768943611,1.594751410648652
1.7215159758538003,2.1017652495566326,1.0384158787163034,0.28862597903788068,0.91876251959971944,0.86102649572284351,0.21007735248611692,1.2350861825776733,2.2890866954631361,0.33584680098840985,0.16946493959399858,17.305971845498593
0.027479906088032344,1.9040588952865094,0.46760905102340683,2.403673063756337,1.3808846973628075,0.67518769987436777,2.0553763616891692,3.5982744253625469,1.2027620203420475,2.0620747769845749,1.7219241514292041,0.71631941114518494
0.10119580533912174,4.0931432202130518,0.19370520790152149,0.37786376961778823,2.6740080909989712,3.0788770343076965,1.5490996540229829,0.94981900621596271,1.4266954423080871,0.65233045882851592,0.57463218807336758,3.7666156164226834
1.5802542150381735,0.012736378957856571,1.2694526041222527,1.2163735150944532,0.46338703401579895,0.12999096925895176,0.75275468304330928,1.6269420362860816,1.216287100517802,0.69836308645129574,7.3806964285396131,0.12433292191630388
20.340723752740374,0.50964035950486353,0.77653228194517998,1.0050352727004435,1.4231488112751955,1.0840764968435168,0.84472308801630192,1.2919975203145959,0.55701576089232763,1.9696570434925968,1.2099221768755237,0.54121394862020189
0.94773012305363202,2.0342299256178276,0.23494242154598499,2.5944678119179176,1.9653198395243523,0.38119898529102914,1.2265237111095095,0.44244939289584262,0.64794843758609721,0.84744860157642532,0.74952664542882519,1.3324891823903482
0.67495029930307171,0.1832850887191739,2.6603614326679064,7.3472758598590735,0.17898795488195823,7.1353319948392988,1.155222364139733,0.42804940827937837,0.32106488766291269,2.2531182515441492,1.1530669356710435,1.1120817139480073
0.32224320626732578,0.28578186577499659,2.9488363203628487,0.86642998127116466,0.27117736116914198,0.3255761790334728,0.53027805766244607,1.4534692330957022,1.73370141730455,1.4290355369385865,19.568854337963536,2.5686048251561062
0.062592248922912722,1.4277570687538181,0.76144777741919523,2.6844692631632494,3.6931813041892827,2.693978791532071,1.4707978411478226,2.0857446496931673,2.0361176667440257,0.33987056413462413,0.89361897651592848,0.6913889995302257
0.60850426776840194,6.2139171430327025,0.76622383055668286,20.174085920379163,0.54362125051122268,0.60577020712984275,1.8380709955093226,2.1977365739202699,0.49765712279665958,0.97244788276198946,2.3888922876192127,1.3171209972944438

Transpose A - 12,12
877326.01273800002,397248.77634600003,610760.83076100005,18218.415889,83559.620104999995,462693.00643399998,541487.37112799997,737913.00736599998,89502.198757999999,301763.97134699998,27356.936028,574515.08334600006
532990.05624099995,302433.42671999999,513426.34849200002,533000.97062499996,391598.71208299999,8266.6572319999996,470374.51006599999,676534.59739400004,160588.27349600001,274016.51556199999,555588.39544700005,434041.09567000001
775084.84983800002,957522.22845900001,790537.46146499994,394495.27735699998,94893.615814000004,770969.821398,601837.61193000001,195474.33844799999,963334.70340200001,643175.46183000004,552082.12477800006,412076.036968
42172.708311000002,539568.15801000001,284520.040286,464954.439205,87132.529760000005,809381.75119600003,949376.49828099995,539061.17868500005,828330.01434999995,769639.81327799999,886202.97063899995,774552.992615
676250.12014999997,3483.9276880000002,510616.05258000002,572219.15511399996,539044.63992900006,139646.210941,304095.34104500001,885436.00983500003,85504.906413000004,269073.15327200003,838597.36366399995,490462.90988599998
815634.86567700002,63946.067022000003,416526.64679999999,285603.65375499998,287788.06465399999,66417.009757000007,506192.72570100002,380230.99814899999,199283.75401599999,101109.797735,346484.75072000001,309008.84124500002
753467.07206100004,678913.28104000003,108476.341298,393774.24483699998,613755.521297,594813.06172100001,639258.76959499996,985941.56752299995,601602.34982999996,464461.24696900003,653735.42501999997,88287.000067999994
430254.843207,787821.11834499997,509849.04742199997,145069.484986,767070.10511700006,974752.87479399994,850222.90233299998,276301.50308499997,341765.476517,962826.47241399996,645488.94649700006,898269.07969399996
162975.933039,246413.776969,533284.19395600003,914746.754479,969064.82572800003,621356.86700299999,462440.125558,498899.93490699999,292305.17753099999,437712.85477400001,689054.02533900004,276306.785577
603250.19900200004,70775.842806000001,230779.155516,645807.18034099997,417835.898629,206792.780145,443983.22404100001,294790.60141900001,699104.10935399996,529280.96873099997,338878.405745,926823.74738399999
88765.623311000003,117082.575081,133158.36789200001,115520.02013600001,231736.40182500001,196269.97751299999,629628.73893400002,454436.94223699998,416570.05339999998,253625.74559400001,94022.530971999993,986130.09739899996
217956.21947400001,272869.60991300002,423217.27351600002,678460.820297,646920.63909099996,91956.650609000004,53718.195508999997,700906.116698,640627.54871999996,849920.99182999996,639957.672487,873830.17808999994

Transpose B - 12,12
321700.61445599998,136568.76368599999,354780.80908199999,662972.27620199998,825722.17124000005,292796.56528099999,26620.850748000001,778610.90347999998,132605.613851,936447.89239299996,437065.87474900001,944143.06320800004
475649.57679399999,436129.63611800002,244283.39397100001,279928.825702,95671.881244999997,649058.67353300005,922953.807118,332575.28506199998,876166.60263099999,958831.01196399995,389133.703209,69849.836372000005
436462.90756299999,167820.545071,761291.76919200004,843643.373655,489886.75545699999,607324.62078100001,775032.31471900002,832009.55009200005,362106.70158300002,218111.61826399999,725042.66365999996,537801.12355500006
761614.77937,694293.52432800003,985774.18856899999,193434.975087,230592.44300699999,665405.60210500006,944620.07858700003,207773.315286,112739.746016,888288.52869199996,330122.22669099999,38393.461576000002
458903.67263799999,984404.32588100003,555765.00095200003,414385.90506999998,201586.764731,301359.77204800001,213677.82387600001,450530.23534800002,477713.18728900002,992240.47358500003,227066.39468600001,902214.38073800004
453271.32339500001,878083.08914199995,483755.899347,422998.899133,93471.763063999999,510935.56833699998,466934.50801200001,997460.67754800001,27929.1495,310556.49720799999,128614.50573,510109.01098800002
293597.49055599998,703896.51967199997,516363.80606600002,191582.550124,396201.44495099998,790181.81503199995,756767.251498,803850.39326399995,520767.57558100001,875882.45498299995,444476.73686399998,48032.4211
269450.540522,511051.084974,412804.429856,40316.403875000004,807596.07893399999,599131.90086299996,658068.52487299999,624481.59613600001,798425.29835699999,662433.33569800004,309476.49636400002,408724.63531500002
566431.43854200002,671809.44887600001,232968.10689299999,760538.44319000002,679237.34596099996,510863.64949400001,830210.12693999999,769968.57460699999,910423.99453499995,252473.032787,338415.62135299999,555215.173098
817576.44901800004,830774.90628,687156.03315799998,313183.20147700002,640527.96090399998,296110.696795,225411.43673099999,347856.61439599999,310282.919627,370376.351777,997080.77575899998,953083.20765899995
167191.73298500001,724429.62479999999,785757.62167100003,67087.751827,403277.79514399997,26592.338462,520387.79928799998,606298.58192300005,361271.35425799998,12960.684423000001,105215.45920899999,412798.05812499998
455027.89359400002,171104.792942,24454.984516,947148.45045500004,171751.17000799999,739600.17340299999,99255.009309999994,526012.61305599997,576061.57954499999,330888.18626599998,925611.59191399999,663439.56241300004

Matrix multiplication - 12,12
2641341706923.3623,3054473625737.4653,3238756485213.4312,3902159790066.6289,3005715226936.479,2833889400637.0874,3532718789194.5269,3276060935080.5,3352221931243.2861,3270305437566.0552,2258026303387.019,2090054563563.644
1927361168858.05,1984634615544.583,2966797526326.6392,2548934886167.937,2216455680836.9106,2456007303509.9526,2381756449405.2842,2049887787541.9612,2700232543982.4014,2330716390108.1846,2123044214294.7114,1751430582004.6479
2423748645451.5356,2145974865599.2478,2773577541033.1509,2584594054115.6636,2720106678963.7598,2369779556306.9214,2586169651148.5093,2609319364129.7324,2957500732118.0972,2997497950674.9775,2081246062797.7998,2116892797581.6777
2623535779578.9443,2632480290975.9248,2590373506703.1987,2327832172029.9043,3012016900017.4097,1978825189389.7981,2666264840134.6562,2913069778739.7402,3198748383387.9629,2749546179876.1836,1892630667527.042,2272106273408.5674
2546601217259.0156,2703104049792.314,2758654272692.5132,2082610563455.2,2698617944752.3975,2230257727070.7646,2892632688107.2485,3142638881363.5547,3437466510773.0347,2624880046405.4321,2034507823346.1584,2299899569767.5835
2318293056736.6641,2393711807697.9985,3315708630459.667,2437560702297.8057,2228313395903.481,2383043162286.6387,2632691796446.7036,2363921317386.1743,3171331022531.4033,2303408899566.4121,1987817993223.4675,2311330882665.0293
2962682417759.623,3185532325024.5874,3983310206729.9634,3359794683142.8423,3025796760750.9683,3043987354896.5,3582551342734.4019,3053637622105.418,3911487935645.2969,3315807106797.0698,2213364759097.0957,3209813392145.4453
3042933660339.707,3123636565046.2407,3649292076373.3867,3269651763376.8232,3231255441238.5215,2785588071577.0635,3270232045473.1753,3431974567179.3638,4226524466491.6841,3851703122861.644,2372221016676.0239,2913952654380.2104
2833075631613.667,2519530213495.917,3316629032490.7402,2897212308610.0649,2943500077417.6206,2335242126028.6392,2697271406051.0752,2422274467912.6719,2874761182895.0166,2871793947570.1973,1926819184727.7883,2488184913900.2705
3353737130824.6431,2524921132584.1064,3585834271397.9214,2606951903183.4595,3261021484563.082,2910921702123.3608,2918087382531.4946,2828646189799.1274,3541413333934.0356,3194049082762.7476,2285155857552.2012,2828354512124.874
3235978650609.3613,2771361045218.3154,3673844485084.1924,2732116619828.3389,3201650942677.8984,2809733203313.0049,3201790647009.3047,3338379289787.0195,4077733283785.8398,3195480883159.5166,2506664641564.5376,2785761033850.2036
4261603832956.9712,2983295860695.585,4021622634011.2969,3097228421248.6245,3920382903127.7461,3177582440936.4775,3498714476679.3789,3275148241919.3423,3862471982837.9292,4339154850498.6328,2159119650069.2815,3831776956268.8916

Pair 10: A=5,7 B=7,2

Addition cannot be done (shapes differ).

Subtraction cannot be done (shapes differ).

Element-wise multiplication cannot be done (shapes differ).

Element-wise division cannot be done (shapes differ).

Transpose A - 7,5
845165.10242899996,122407.591126,707991.432516,986088.87511100003,354076.65667699999
312069.45556700003,722955.81713800004,108638.41259599999,221558.562981,540049.08208299999
756432.87992099999,372632.47341899999,564060.31245299999,106145.28667,494235.41466800001
167600.209982,954533.05236900004,51551.398001000001,16295.071886,190684.479884
838745.65145100001,550070.22912999999,700170.43407600001,698601.59528999997,547095.75304099999
823387.58988700004,932091.98838999995,696455.76862400002,779658.059396,219599.054775
667719.58924300002,175609.68314000001,862093.390059,941229.06793699996,946827.382033

Transpose B - 2,7
24227.253606999999,650534.87612499995,271381.82031400001,925358.72860899998,665753.50262799999,972054.23979699996,274609.138591
453606.74646400003,172597.41139299999,936378.04049199994,813644.37121999997,964898.74139800004,20449.682904000001,62833.787193999997

Matrix multiplication - 5,2
2125997697253.6309,2150007067008.8628
2778163918144.6646,1866737801057.5486
1668477439614.1033,1654023056767.3323
1693342970493.5088,1347352056941.8179
1508177679922.9451,1463638661493.7317

Pair 11: A=4,4 B=4,4

Addition - 4,4
562133.03736800002,1001299.25365,297217.66418999998,994816.46226000006
1146320.4794590001,1029770.7452139999,755608.41155400011,962592.14598999999
634504.59605599998,1347454.5248770001,1335297.838518,1239011.160995
993821.42838599999,1738386.2954660002,1136994.785231,379454.83734600001

Subtraction - 4,4
-227890.70271999997,289984.05478000001,36714.962459999995,-368545.03463000001
-191439.43461299996,214287.40787199995,447669.21437600005,828591.37017199991
-188441.38159199999,-548564.52269899996,-6448.2046300000511,-608801.59825699998
-605409.76954400004,-261518.174948,600555.84100500005,377066.84778199997

Element-wise multiplication - 4,4
66014844828.58947,229627360833.34924,21747587859.530098,213458587758.26855
319350396125.54163,253627173631.52399,92634086527.783508,60004995199.530281
91771482029.971497,378677665261.88007,445744684551.97308,291127317757.47504
155290010614.96753,738398789108.96765,233022455869.31625,451641472.25633949

Element-wise division - 4,4
0.4230788490112577,1.8153461510190436,1.2818777864196855,0.45935830596551563
0.71379104337148436,1.5255469929537786,3.9075169285268418,13.366963774857448
0.5420321947971114,0.42135125340610657,0.99038833814650751,0.34105704681523613
0.24287398804172228,0.73846933309383211,3.2390463909047877,316.80276016817635

Transpose A - 4,4
167121.16732400001,477440.52242300002,223031.60723200001,194205.829421
645641.65421499999,622029.07654299994,399445.00108900003,738434.06025900005
166966.313325,601638.81296500005,664424.81694399996,868775.31311800005
313135.71381500002,895591.75808099995,315104.78136899997,378260.84256399999

Transpose B - 4,4
395011.87004399998,668879.95703599998,411472.988824,799615.59896500001
355657.59943499998,407741.66867099999,948009.52378799999,999952.23520700005
130251.350865,153969.598589,670873.02157400001,268219.472113
681680.74844500003,67000.387908999997,923906.37962599995,1193.994782

Matrix multiplication - 4,4
816961936096.8468,794099330774.67761,317179235114.50891,311816648176.99396
1568344716219.6064,1889340828606.8706,801799237160.56274,924065471497.2688
880636451186.18152,1187164042070.9363,620814477274.66467,793041883587.21155
1230578195249.9827,1572011160902.583,823286810364.37195,984980439358.2124

Pair 12: A=6,6 B=3,3

Addition cannot be done (shapes differ).

Subtraction cannot be done (shapes differ).

Element-wise multiplication cannot be done (shapes differ).

Element-wise division cannot be done (shapes differ).

Transpose A - 6,6
30263.440823000001,136156.929756,34787.120798000004,572138.18011399999,286345.53270799998,93450.356988
597247.12199300004,69889.907118999996,366409.78340499999,901505.81751600001,783834.89259900001,487342.72254400002
735750.93487999996,930591.78473299998,335757.05869400001,68377.433858000004,981613.24359800003,266505.779255
821937.05110100005,30874.369033999999,704039.53076899995,909135.93988299998,171852.74768299999,125866.30947599999
518402.14213499997,376289.14950100001,206406.590402,659477.08918500005,680826.811934,135208.76819
376081.48599100002,932283.734726,269417.247799,377398.108014,844832.19536300004,183245.789869

Transpose B - 3,3
820684.78378199995,747746.38197800005,329221.23985900002
728599.56337999995,630930.74795500003,215878.90367599999
951205.82209799998,132340.47278800001,974670.14677700005

Matrix multiplication cannot be done (A.cols != B.rows).

Pair 13: A=4,5 B=5,4

Addition cannot be done (shapes differ).

Subtraction cannot be done (shapes differ).

Element-wise multiplication cannot be done (shapes differ).

Element-wise division cannot be done (shapes differ).

Transpose A - 5,4
300971.76889000001,679238.78506400005,655028.03724500001,920174.96488500002
823901.17357500002,904281.80472300004,825248.571413,426992.54581400001
885454.48516100005,414139.675368,947999.52676499996,653724.40081100003
804733.70777199999,700155.62928400002,452300.85459599999,627397.27321699995
162703.90088100001,704055.04577099998,343497.40371799999,90614.152770999994

Transpose B - 4,5
876362.65962799999,263255.85432599997,259094.261512,86449.623126000006,265131.520792
383282.06401500001,890045.71873399999,994839.13784900005,541091.10990499996,611171.78657600004
737575.23053499998,902818.32634999999,863231.22831399995,737398.53564000002,740856.83680299995
571154.29397200001,205637.452988,796120.15472899994,8252.2915420000008,827350.44571600005

Matrix multiplication - 4,4
822780261555.39062,2264425858513.4937,2444124118303.4487,1187508460829.3579
1187813575894.9758,2286341116640.5205,2712787919531.3677,1491887442566.5073
1167088095305.729,2383348381207.478,2634533173390.4956,1586470868968.2563
1166454433798.6626,1777939966977.2839,2158284220050.4751,1213957837983.9382

Pair 14: A=7,3 B=7,3

Addition - 7,3
399531.80926200002,1215625.1052950001,879149.31898700004
781373.57552900002,927902.817759,738579.14236499998
1312344.436027,1007927.369406,211222.240854
672050.205418,785781.39446700003,1136234.6338510001
509672.643247,230004.25418299998,582389.76113899995
770610.86556800001,668250.09617999999,968193.87646399997
1533070.1039399998,722312.22108200006,1582332.1504899999

Subtraction - 7,3
64090.396009999997,692293.97616900003,49801.103632999992
-637723.34787499998,316314.56672700006,-364032.41058899998
-552651.71211900003,-770536.04617800005,39846.015278000006
-521211.67665200005,94784.037456999999,-330888.11899700004
-189499.80744499998,-117102.610701,134318.78267499999
321693.35237999994,642719.20762999996,748478.85808599996
235261.944976,-478999.873066,-25331.633128000074

Element-wise multiplication - 7,3
38879521937.862129,249618361795.89899,192605843788.06027
50963399027.518898,190237183520.35056,103244888394.34515
354206000965.74066,105547945884.51855,10756782524.462645
44997466680.99675,152117096533.46329,295385548967.28577
55964006563.172913,9797233877.3220272,80284074625.06189
122588623291.49483,8367552797.0110493,94294695355.166199
573738940210.17798,73073516581.791977,625783335709.34412

Element-wise division - 7,3
1.3821257213810518,3.645720606474069,1.1200969694297656
0.1012265091163928,2.0344036733643844,0.33969055627301759
0.40734278441444161,0.13348113947570128,1.4650121700845786
0.12640857051792709,1.2743397973825485,0.54892919715862187
0.45793113771160704,0.325264795669572,1.599542434707325
2.4331958229719568,51.348361857542947,7.8131788496889101
1.3625527291549813,0.20253883166685596,0.96848640445082124

Transpose A - 3,7
231811.102636,71825.113826999994,379846.36195400002,75419.264383000002,160086.41790100001,546152.10897399997,884166.02445799997
953959.54073200002,622108.69224300003,118695.661614,440282.71596200002,56450.821741,655484.65190499998,121656.174008
464475.21130999998,187273.365888,125534.128066,402673.25742699997,358354.27190699999,858336.36727499997,778500.25868099998

Transpose B - 3,7
167720.706626,709548.461702,932498.074073,596630.94103500003,349586.22534599999,224458.75659400001,648904.07948199997
261665.56456299999,305794.12551599997,889231.70779200003,345498.67850500002,173553.43244199999,12765.444275,600656.047074
414674.10767699999,551305.77647699998,85688.112787999999,733561.37642400002,224035.48923199999,109857.509189,803831.89180900005

Matrix multiplication cannot be done (A.cols != B.rows).

Pair 15: A=6,8 B=8,6

Addition cannot be done (shapes differ).

Subtraction cannot be done (shapes differ).

Element-wise multiplication cannot be done (shapes differ).

Element-wise division cannot be done (shapes differ).

Transpose A - 8,6
85289.812437000001,639301.57825599995,797310.416065,903217.55052000005,139845.56314899999,482805.52405499999
292990.06709099998,399059.93328900001,740041.27286899998,452372.511184,252867.81629799999,693921.10057899996
559695.07163999998,944814.53154500003,202486.550804,221612.557516,791531.64439000003,179798.004456
956656.69985700003,484843.95279800001,884812.25227499998,376234.29938600003,688993.11044299998,244279.189273
559032.21803400002,685817.23751699994,891021.52808900003,877396.62658799998,797420.90002199996,251145.779518
686947.03889600001,672393.74791100004,266076.01506200002,812959.61184899998,154143.99722399999,317323.77605099999
647745.51005299995,647860.89037699997,494779.07954399998,848102.09911299997,349930.92796100001,893398.01680099999
311922.45440799999,905286.63278700004,763730.07292599999,587717.84740900004,710957.10577599995,827782.04976800003

Transpose B - 6,8
626610.08284000005,144929.67868899999,355389.38685200003,913617.45433500002,889166.08261799999,388012.180995,959625.138485,350807.70527899999
332906.19887800002,121773.238814,720698.42279900005,109793.502995,922886.07822300005,391906.95646900003,997769.90413399995,566461.37341500004
282290.53589,639215.43301000004,379848.01179800002,227034.17348,475246.36605000001,873552.48683199997,705188.60372000001,504188.924627
24145.147046999999,592420.585357,120867.88812600001,595760.91086800001,108068.50573200001,414490.25747299998,729520.78537699999,365984.905616
300929.63703400001,890231.95889200002,748096.28374999994,600078.72701200005,982247.12347999995,896774.15512000001,273682.23274200002,601908.68691199995
99139.603031000006,188441.002618,991646.51531499997,939571.15851500002,773796.08379399998,968518.92021400004,960138.934962,711048.02734300005

Matrix multiplication - 6,6
2663468341249.3726,2180613274254.2498,2120966025723.8999,1745069865046.7886,2809439902332.1318,3459149326788.5405
3047154911783.6714,3051254313445.8755,2731119111667.1504,1811661292109.7676,3544232727282.6577,3978694289861.7944
3125429872013.5908,2451512842778.7451,2365778639790.5977,1856320118890.5354,3290100607355.4219,3215912357086.0479
3169645997752.0527,2864269357812.9839,2735265603087.5791,1806321390696.6501,3242803562131.6133,3446534677180.7729
2389115881121.7539,2271669601629.2256,1777049050569.3862,1324875337587.3306,2717984550061.3633,3101632053749.5566
2184331921489.9163,2118082927028.167,2147539879547.5107,1703391073342.2139,2318145546954.3564,2534490796870.1201

Pair 16: A=6,4 B=6,4

Addition - 6,4
1631367.6452510001,360536.98952900001,700634.66009000002,1261398.0732260002
598388.24845499999,1510622.7480839998,682461.37315299991,1879331.400686
1112628.701174,855914.33010099991,1271709.0685020001,1183071.6313419999
1294685.2800329998,1154918.8962630001,935937.375337,1543174.109956
1796857.030001,880492.47324099997,1010668.180502,489991.18089199997
1791196.9333449998,758872.81821199995,695437.75734999997,1051114.4583649999

Subtraction - 6,4
259158.23597100005,353352.86758700002,571901.07354399993,367800.91687800002
30808.731431000051,195273.35884,-49399.412987000018,-66907.230483999941
127457.08194800001,179719.69682100002,380421.24361799995,6277.337179999915
-52479.476986999973,-408806.28685099992,415912.66420300002,175245.1454739999
59653.008890999947,-28227.922609000001,579149.10077999998,-178084.65751000002
114089.69203899999,443420.52473399998,437943.22855599999,321973.56550899998

Element-wise multiplication - 6,4
648549350675.0481,1282167946.6695752,40954522249.662537,363961896170.492
89279829489.163834,560962350589.05017,115828305960.60452,881852484028.34094
305424329734.36078,175072542761.70285,368130908078.58966,349904769981.03741
418363969707.32458,291678769194.11102,175748856577.06876,587668868156.57239
806284176198.56628,193617544954.80835,171509122536.23517,52094303027.870667
798842499048.74451,94816548116.411804,72959850727.48616,250293656924.34222

Element-wise division - 6,4
1.3777240328165081,99.370509420565185,9.8850328634267353,1.8231917800212083
1.1085618155938397,1.2969148128045793,0.86500325219624419,0.93124457667991312
1.2587510225845455,1.5315620325149235,1.8536439812077794,1.0106685377574336
0.92208899956218071,0.47713793796310972,2.599588078405096,1.2562196576345772
1.0686770329404189,0.93787324959819762,3.6842340373598708,0.46687292886996618
1.1360553329316685,3.8113317538135107,4.4015730789088883,1.8831587109258112

Transpose A - 4,6
945262.94061100006,314598.48994300002,620042.89156100003,621102.90152299998,928255.01944599999,952643.31269199995
356944.92855800001,852948.05346199998,517817.013461,373056.30470600002,426132.27531599998,601146.67147299997
636267.86681699997,316530.98008299997,826065.15605999995,675925.01977000001,794908.64064100001,566690.49295300001
814599.49505200004,906212.08510100003,594674.48426099995,859209.62771499995,155953.26169099999,686544.01193699997

Transpose B - 4,6
686104.70464000001,283789.75851199997,492585.80961300002,673582.37850999995,868602.01055500004,838553.62065299996
3592.0609709999999,657674.69462199998,338097.31663999998,781862.59155699995,454360.19792499999,157726.14673899999
64366.793273000003,365930.39306999999,445643.912442,260012.35556699999,215759.539861,128747.26439700001
446798.57817400002,973119.31558499997,588397.14708100003,683964.48224100005,334037.91920100001,364570.446428

Matrix multiplication cannot be done (A.cols != B.rows).

Pair 17: A=5,5 B=5,5

Addition - 5,5
1531333.731131,1204879.2643599999,1587003.4478819999,909323.46175400005,228170.31862999999
455064.49000300001,1294604.7019460001,780976.17844399996,1415783.7279999999,692350.97211199999
1201006.5272530001,692214.29315600009,1023242.699284,1163085.5814340001,618184.18695800006
1204094.9942330001,1085854.1742459999,594066.11905199999,1853791.3912010002,845692.85236899997
1052499.902549,667525.372691,769562.48355700006,1442462.677354,914839.14963699994

Subtraction - 5,5
-448031.13239899999,261630.37296200002,179804.01046799996,244792.09031399997,-139440.13852600002
-37355.170713,321314.650914,-28229.439604000014,-58031.616743999999,128857.00970399997
399819.83038300002,357281.93419200002,535824.00832199992,172297.79850200005,33604.995031999948
-51491.267215,534159.74309800006,345317.73723199998,-116207.20812900004,295923.25739899999
258497.85349499999,38747.713785000029,697505.40022099996,-43873.661008000025,-253621.152099

Element-wise multiplication - 5,5
536062775125.21484,345820897407.11487,621562615352.24487,191736497653.99518,8154535517.8914146
51422070320.673279,393189557352.17645,152281722509.15967,500268973981.91382,115686434908.64366
320640195434.20502,87877561787.371033,189979563435.93793,330770384592.75757,95255598328.455688
361798351134.3905,223438164145.23526,58417553539.61911,855759601717.45068,156906456569.59509
260233726151.03296,111022184465.67354,26428158190.240128,519693419357.25623,193151745229.13129

Element-wise division - 5,5
0.5472980846997747,1.5547430277373231,1.2555487242070313,1.7367359942196561,0.24137011985582948
0.84827912574130804,1.6602649448092135,0.93022925453212679,0.92124981334879508,1.4573500988487984
1.9980690691569845,3.1334572466938151,3.1986190446019385,1.3477996024378214,1.1149715744116115
0.91798051827101401,2.9364333331641115,3.7764420793851015,0.88202305507372203,2.0765355527351348
1.6511264141017843,1.1232477434151098,20.359801089049178,0.94096402022122327,0.56588828611089137

Transpose A - 5,5
541651.29936599999,208854.65964500001,800413.17881800001,576301.86350900005,655498.87802199996
733254.818661,807959.67642999999,524748.11367400002,810006.95867199998,353136.54323800001
883403.72917499999,376373.36942,779533.35380299995,469691.92814199999,733533.94188900001
577057.77603399998,678876.05562799994,667691.68996800005,868792.09153600002,699294.50817299995
44365.090052,410603.99090799998,325894.59099499998,570808.05488399998,330608.998769

Transpose B - 5,5
989682.43176499999,246209.83035800001,400593.34843499999,627793.13072400005,397001.02452699997
471624.44569899997,486645.02551599999,167466.17948200001,275847.21557399997,314388.82945299998
703599.71870700002,404602.80902400002,243709.345481,124374.19091,36028.541667999998
332265.68572000001,736907.67237199994,495393.891466,984999.29966500006,743168.16918099998
183805.22857800001,281746.98120400001,292289.59596300003,274884.79748499999,584230.150868

Matrix multiplication - 5,5
1450368871555.9954,933358720702.06299,966445909362.63269,1759318281220.8105,748904224729.93274
1145604000032.1846,871075708409.57788,664806665098.77576,1825080244886.8008,802538736927.24963
1782181624610.6492,1050044466026.3025,1060249732292.3439,1938687139962.7683,896751554275.73535
1729976057509.8657,1163750972323.5227,976305927491.74121,2301034167272.4331,1043731389175.9679
1599794629809.0859,900681782941.979,881743489167.80737,1775919731436.3723,819760790108.10034

Pair 18: A=3,3 B=3,3

Addition - 3,3
1170938.4645730001,1028647.081257,1160650.891482
993773.74161399994,640431.07967000001,899206.69560199999
905395.75932099996,1281035.8753280002,1799626.1778450001

Subtraction - 3,3
-87492.225822999957,682047.35054299992,190046.05317199999
-107424.47763000004,-155690.15105600003,481541.07239999995
-729116.42630299996,159184.44132999994,71943.468143000035

Element-wise multiplication - 3,3
340860499559.27795,148231557348.9548,327748247392.9267
244011557781.85272,96478136167.860443,144172719251.83145
72032679472.898026,403928306878.95776,808369629344.14026

Element-wise division - 3,3
0.86095026688284582,4.9356484734594188,1.3916033501397023
0.80489529359437284,0.60887828374072417,3.3058688369337363
0.10784828315654477,1.2837888092948389,1.0832831951596127

Transpose A - 3,3
541723.11937500001,443174.63199199998,88139.666509000002
855347.21589999995,242370.46430699999,720110.158329
675348.472327,690373.88400099997,935784.82299400005

Transpose B - 3,3
629215.34519799997,550599.10962200002,817256.09281199996
173299.865357,398060.61536300002,560925.71699900005
485302.41915500001,208832.81160099999,863841.35485100001

Matrix multiplication - 3,3
1363746568831.9917,813180908822.84619,1024918043667.8738
976513503916.05005,560528706102.35742,862062137833.28601
1216726690846.6475,826827857886.90161,1001526651750.7593

Pair 19: A=9,5 B=5,9

Addition cannot be done (shapes differ).

Subtraction cannot be done (shapes differ).

Element-wise multiplication cannot be done (shapes differ).

Element-wise division cannot be done (shapes differ).

Transpose A - 5,9
252975.393473,624041.91908799997,778444.81296699995,857141.70499700005,696750.504265,775805.91078200005,890306.66078699997,571567.20889200002,560269.59594799997
486295.34386399999,356914.81049,691043.90642599994,913806.79097099998,746806.69201899995,325471.95261099999,711743.07453400001,622755.75980500004,456607.00702600001
927852.19307200005,741106.76321799995,1407.212415,820892.66826299997,322492.273758,552957.59065799997,584245.04582100001,837065.55259099999,65168.919691000003
570857.22825599997,297265.00287700002,340209.784132,81108.952007,361555.86335499998,841357.43745500001,444505.41434600001,771955.41633399995,9493.2398049999993
443461.46651400003,249618.72063200001,131483.26869,128454.78787099999,471499.82996,881232.17395500001,427387.18043800001,235844.878329,619033.85358200001

Transpose B - 9,5
316844.82235500001,485107.69619500003,190397.03422100001,811935.34638999996,670377.27572599996
711928.15447499999,994583.67598000006,14039.200153,481895.43293900002,411506.23804800003
492875.69062800001,360887.25974200002,428089.19761700003,677085.511084,512618.28535700002
688202.776052,121511.48142700001,238943.54479399999,270104.58552399999,178013.28577399999
440795.74944500002,551687.49725500005,853161.93041100004,765106.40109499998,739157.96511700004
660776.29613999999,323326.64617800002,493357.00388199999,305643.43505799997,609973.45662800001
684993.94908399996,663933.81844299997,462795.34776799998,691290.81979700003,583368.51013499999
347059.64588299999,47542.820940999998,644185.29081200005,411246.90319099999,422692.33383600001
115351.254407,26679.826559000001,170972.568658,612526.090876,804015.17828500003

Matrix multiplication - 9,9
1253505514468.1016,1134368669327.1809,1311232331417.6506,688026315562.22339,1935956302163.856,1227133251899.2366,1578890033039.5718,1130837167289.8743,907007273720.17163
920669783196.07263,1055629510116.4198,1082873846348.6616,774647394572.45996,1516211562809.853,1136500279300.7864,1358529782446.917,938719811620.79993,590995180705.46436
946516599356.37976,1459569250388.9849,931419722305.78857,735331885828.80798,1083059616909.6932,922689237943.11401,1304575756581.3218,499414653234.68219,422574024821.13208
1023139543629.2181,1622551285994.0591,1224426791557.4749,941846880534.44092,1739319933214.5564,1369974583080.7749,1704755773513.7922,957383890887.60059,416563654132.50665
1254087792766.9912,1611582819774.9153,1237483536240.8374,828899796386.37964,1619408266651.5127,1259072099693.4331,1647346424613.7988,833052151934.99438,755988469569.3811
1782866386878.0464,1651869086971.3384,1757956383029.4143,1089711544171.8079,2288390861812.7822,1685357023848.0901,2099126164395.6418,1359427650669.4634,1416591725510.9539
1386019934202.5886,1740002374392.8799,1465833170263.9988,1034941600142.5906,1939559354828.5842,1503215421825.105,1909397596846.8223,1082644612568.6011,837473992020.70581
1427459456745.2959,1507102660051.4241,1508373147970.8589,919529744658.12878,2074618076204.8096,1371805968393.9453,1863608900564.5454,1184354891532.3477,888126953240.34216
834124188172.38635,1113231535702.8647,792580833851.78979,569394195688.26929,1019295616792.9305,930493389481.43665,1084785436049.3677,523701141992.34222,591479565267.70728

Pair 20: A=3,6 B=3,6

Addition - 3,6
705492.13528499997,1626314.496787,580235.27442599996,1044941.9664429999,939127.67615700001,1423847.4550280001
1211661.9648869999,1212134.815835,576509.01793199999,1694301.5668029999,1205564.93585,376229.671065
975498.23442700005,1407950.2169530001,1263844.016295,680053.3474170001,1668556.475237,1033806.051494

Subtraction - 3,6
118714.16525299998,364955.42485700001,-417632.86368800001,-274047.019883,-878176.94389300002,-59508.883559999987
-164565.91713499994,-78993.263181000017,158289.56366400002,242086.01245699998,-2775.2652000000235,-102865.14723100001
180894.24497900007,403996.08677700005,333991.93274700007,602518.838659,149171.99853900005,-348141.09073799994

Element-wise multiplication - 3,6
120906524979.31802,627926595081.75,40563941213.993988,254200486031.75256,27691511834.699448,505950066991.78876
360260694017.83545,365757719032.84167,76826765447.994888,703013040460.9425,363344778113.52106,32741881718.705696
229718519375.91797,454777743821.71759,371437771596.1499,24860901098.519207,690457106476.80054,236888183261.34265

Element-wise division - 3,6
1.4046306143583609,1.5786701550393312,0.16294979719998209,0.58445897164562555,0.033539083977194226,0.91976454744967584
0.76084495993030721,0.87763682865420645,1.7569689169101455,1.3334023130829535,0.99540648370783591,0.57058543193240441
1.4553066618874257,1.8048098506376518,1.7183764787031508,16.541952823602102,1.1963584607145492,0.4961586010073975

Transpose A - 6,3
412103.15026899998,523548.02387600002,578196.23970300006
995634.96082200005,566570.776327,905973.15186500002
81301.205369000003,367399.290798,798917.97452100005
385447.47327999998,968193.78963000001,641286.09303800005
30475.366131999999,601394.83532499999,908864.23688800004
682169.28573400003,136682.261917,342832.48037800001

Transpose B - 6,3
293388.98501599999,688113.94101099996,397301.99472399999
630679.53596500005,645564.03950800002,501977.06508799997
498934.06905699999,209109.72713399999,464926.04177399998
659494.49316299998,726107.77717300004,38767.254378999998
908652.31002500001,604170.10052500002,759692.23834899999
741678.16929400002,239547.40914800001,690973.57111599995

Matrix multiplication cannot be done (A.cols != B.rows).

Pair 21: A=4,4 B=4,4

Addition - 4,4
1945059.132187,1705814.738715,1241713.186703,1031762.2920809999
161010.052108,130197.554336,697389.63935000007,492058.02083500003
1606862.932888,1463070.460953,215554.275169,1010899.058481
1153213.4277300001,1509956.2737080001,927141.94433199998,842126.86466600001

Subtraction - 4,4
51256.172703000018,156242.090447,621430.98593700002,-869492.87262699998
65866.885592000006,113041.530956,510273.01443800004,-428917.869091
5432.6217579999939,359880.9772030001,-201098.62240899997,-658462.90852299996
462955.29186799994,265916.36787399999,564489.22057400004,460870.45375799993

Element-wise multiplication - 4,4
945156958115.97144,721348082997.5188,288918791937.37183,77128892952.771561
5396447565.5578146,1043253858.5498415,56493439952.269936,14537639360.623272
645494742927.56494,502765213990.15942,1505747402.2088532,147085876134.3009
278893401907.04773,552314108451.71204,135236026198.86984,124194020261.27066

Element-wise division - 4,4
1.0541304177885176,1.2016582967202423,3.0037040726610611,0.085348575228681514
2.3845846844065952,14.178057461472171,6.4540638992177088,0.068557876959269029
1.006784712041783,1.6524372875268538,0.034694713138995546,0.21112027045309792
2.3413975665490927,1.4275045625577911,4.1131117104234765,3.4176404150707458

Transpose A - 4,4
998157.65244500001,113438.46885,806147.77732300002,808084.35979899997
931028.41458099999,121619.542646,911475.71907800005,887936.32079100003
931572.08632,603831.32689400006,7227.8263800000004,745815.58245300001
81134.709726999994,31570.075872000001,176218.074979,651498.65921199997

Transpose B - 4,4
946901.479742,47571.583257999999,800715.15556500002,345129.06793100003
774786.32413399999,8578.0116899999994,551594.74187499995,622019.95291700005
310141.10038299998,93558.312456,208326.44878899999,181326.361879
950627.58235399995,460487.94496300002,834680.98350199999,190628.20545400001

Matrix multiplication - 4,4
1763373288618.4375,1345662943884.0408,605458126272.69885,2170635626612.3762
607593333921.67981,441641230155.85284,178078973728.02252,673866743359.93909
873308276389.99341,746008912202.23926,368754418687.29346,1225694957971.7605
1629453777801.1399,1450342557876.6167,607200989679.84082,1923783357047.1157

Pair 22: A=6,2 B=2,6

Addition cannot be done (shapes differ).

Subtraction cannot be done (shapes differ).

Element-wise multiplication cannot be done (shapes differ).

Element-wise division cannot be done (shapes differ).

Transpose A - 2,6
855703.16853100003,458482.48686300003,858700.88351099996,532122.39558200003,914328.48784900003,283126.44426100003
221782.36326400001,404310.99285600003,778969.92726100003,195621.25807899999,136038.70972000001,308336.95650999999

Transpose B - 6,2
90824.956919999997,303306.27404400002
206286.44130000001,902237.909461
28932.169094000001,897129.64843199996
320991.74571300001,310042.91250400001
674359.07094400004,307082.192232
386057.10368399997,649039.80299600004

Matrix multiplication - 6,6
144987185668.41232,376620417232.02563,223724882349.66092,343435703727.30188,645156608043.90515,474295868217.15344
164271712916.09012,459363425579.84106,375984271714.65405,272522851619.45016,433338529914.74438,439414348120.54279
314257936981.91217,879954548105.60193,723681096145.66907,517150000644.52081,818280522969.37939,837090064148.43652
107663148566.64359,286266550255.96936,190893085613.92157,231457881293.35956,418913369091.25439,332395613649.20245
124305239690.54065,311352851001.12512,148497866242.15509,335669735244.65302,658360774812.71448,441277545191.25513
119235480532.03308,336598437675.67419,284809687552.7514,186478939629.8324,285613674462.75983,309425932557.38776

Pair 23: A=8,4 B=4,8

Addition cannot be done (shapes differ).

Subtraction cannot be done (shapes differ).

Element-wise multiplication cannot be done (shapes differ).

Element-wise division cannot be done (shapes differ).

Transpose A - 4,8
680054.28647499997,256245.105381,699765.80830699997,576745.57844299998,473154.47141400003,220442.521011,882363.36230200005,715058.97563600005
407669.53763500002,763557.01640700002,602970.50412599999,605729.97885499999,810746.81201999995,606158.01170799998,43972.923272,576798.40824899997
113314.30879,699807.86748300004,819590.16174400004,233933.44112,501835.64301900001,793341.37134700001,356331.86054099997,222716.71532300001
91208.815606000004,901171.18295399996,124424.979022,273383.40571800002,550964.43051700003,216824.086063,284527.15014699998,973810.41576799995

Transpose B - 8,4
532502.08544399997,533977.75762799999,855165.87899899995,344606.74683399999
112160.78212800001,452764.159973,589962.21530399995,396680.65059199999
926821.67247300001,216882.84503699999,344385.579876,679743.00266500004
429754.09217000002,424598.76516499999,69593.527111000003,938862.084531
931327.45639299997,316286.34306599997,366736.12586999999,15091.441268
15599.716074,539078.77695600002,696034.965494,720001.10635100002
8844.3756599999997,319389.14985699998,866367.06763299997,643131.56688099995
163627.10759599999,608839.00532,370507.68306700001,187309.64288199999

Matrix multiplication - 8,8
708150495030.77991,363885509368.1308,819727948450.82227,558870535953.88208,805226459165.02271,374915818688.31897,293050936547.91663,418548544384.09503
1453174996267.1768,1144789273497.4038,1256664479259.7939,1329105302081.1304,750395556803.4248,1551549727064.6328,1432000279289.5649,934894183831.31775
1438362818287.3105,884373923247.44666,1146164117162.5713,730603816476.95898,1144873519030.3687,996014282334.91589,988858785192.90039,808583067455.71265
924826222014.07739,585398858611.89575,932306503596.25977,778000540967.42737,818640705973.54761,695195452630.1991,577058265028.50391,601044733994.15796
1303895286248.6802,934767471300.7085,1161706069014.3582,1099786291729.187,889446001557.37122,1190427629262.5972,1052244982900.923,860170092296.4364
1194218512126.6299,853222981008.41431,756376163650.29724,610889356411.58936,691242802197.81531,1038512676211.4139,1022321220238.7676,739675328526.89795
896113717843.32544,441964677363.25232,1143451353682.8076,689800258941.90173,970650951757.1698,490348784771.46582,513551008640.73364,356469366624.36188
1214809291419.6599,859041416796.90576,1526471076704.8257,1481980731465.9707,944761984221.20422,1178257695458.9941,1009790049554.2515,733102736479.2511

Pair 24: A=6,6 B=6,6

Addition - 6,6
1361215.4730210002,1161474.754652,1409557.61901,1130062.740769,1771611.472509,1674662.8530600001
842738.38054699998,1923239.5373240001,797547.966335,1301687.7982379999,1395807.0771079999,854965.55819799996
1016529.101024,896249.21920299996,1302286.6663930002,984697.46588400006,1614545.92392,1305764.4415820001
1159919.320724,1233383.374728,1100367.7974649998,1126320.512962,1427155.8047110001,1003582.7500339999
1330990.9367559999,423855.64426800003,573752.406066,1893559.6688199998,484695.30367599998,1190250.9697389998
1904172.7283620001,478757.16721099999,174119.127354,1495174.8894389998,916372.57845599996,1487012.244251

Subtraction - 6,6
481880.35547499999,68216.745940000052,-182728.45075399999,-315769.40469900006,-31700.318762999959,184577.344362
-703292.46261499997,18453.115167999989,-398749.84841499996,-618985.60254600004,-340853.27283000003,-356408.34247599996
-62724.327854000032,-128184.07821100001,-110987.70435699995,348678.33861000004,301047.06770999997,-282302.02950400003
235476.70657199994,-736487.37030399998,379.68705700000282,-22592.041406000033,-150406.30600300001,799293.10871599999
25176.579212000011,73338.458328000008,347966.71736799995,-82877.729955999996,-265411.024064,453503.98095899995
-41940.412598000024,2304.9884650000022,8388.02098999999,-134475.19555299997,753804.81379200006,84673.209765000036

Element-wise multiplication - 6,6
405174721749.76813,336092520316.82031,488365748648.54578,294332870282.59583,784400574828.95789,692606718841.83276
53896922518.977257,924627450116.70752,119270329248.52719,327811986980.61438,458024110726.46399,150984799779.582
257349267980.98135,196707876253.79584,420908072736.63904,212013128875.63538,629032300867.47437,406331585259.46881
322490887812.70746,244705225609.5322,302702286383.92847,317021874396.02307,503537908508.70844,92077215631.229675
442725753396.4491,43568769426.978394,52027746767.665642,894674875314.76196,41121631427.717171,302757877554.74219
906028695307.1731,57300778046.019409,7561777903.5974474,554366092947.47705,67879251312.52652,551008965525.12195

Element-wise division - 6,6
2.0960107150498097,1.1247953280861271,0.77048288718485991,0.56320046460609163,0.96484211003728915,1.2477406072129098
0.090196077619512441,1.019375521531819,0.33336023271374116,0.35544939364148409,0.60746121388425922,0.4115634449814432
0.88376348654419623,0.74974636506919878,0.84293537524762341,2.0964397882323054,1.4583895391864263,0.64447076410983273
1.5094458065155401,0.25224802473825664,1.0006903475654099,0.96067230474572085,0.80931805476118268,8.8250967945242955
1.0385607327206183,1.4184585593503753,4.0822743405444388,0.91613422210354256,0.29233759468831971,2.2310982952505034
0.95689827922613868,1.0096756340628628,1.1012244614065043,0.83496433155629224,10.273730439118564,1.1207599698542734

Transpose A - 6,6
921547.91424800002,69722.958966000006,476902.38658499997,697698.01364799996,678083.75798400003,931116.15788199997
614845.75029600004,970846.32624600001,384032.570496,248448.00221199999,248597.05129800001,240531.077838
613414.58412799996,199399.05895999999,595649.48101800005,550373.74226099998,460859.56171699998,91253.574171999993
407146.66803499998,341351.09784599999,666687.90224700002,551864.23577799997,905340.96943199995,680349.84694299998
869955.57687300001,527476.90213900001,957796.49581500003,638374.74935399997,109642.13980600001,835088.69612400001
929620.09871100006,249278.607861,511731.20603900001,901437.92937499995,821877.47534899996,785842.72700800002

Transpose B - 6,6
439667.55877300003,773015.42158099997,539626.714439,462221.30707600003,652907.17877200001,973056.57047999999
546629.00435599999,952393.21107800002,512216.64870700001,984935.37251599994,175258.59297,238226.089373
796143.03488199995,598148.90737499995,706637.185375,549994.05520399997,112892.84434900001,82865.553182000003
722916.07273400004,960336.70039200003,318009.56363699998,574456.27718400001,988218.69938799995,814825.04249599995
901655.89563599997,868330.17496900004,656749.42810500006,788781.05535699998,375053.16386999999,81283.882331999994
745042.75434900005,605686.95033699996,794033.23554300005,102144.820659,368373.49439000001,701169.51724299998

Matrix multiplication - 6,6
2872239916768.9736,2178461006041.1763,1934088312453.1074,3302804506648.1499,2490660205990.9604,2559945985722.4761
1633470558301.6692,1552913857816.6895,1045068959315.5105,1966626284253.353,1524181988537.8113,1202267333384.5415
2259422953729.2319,1877954558282.7791,1547506891674.7346,2649450062968.189,2081352266013.8767,1840617549757.8896
2344838658890.0918,1770090054682.5466,1543279010064.7375,2600384894292.9287,1954272963456.2205,2030902814200.5811
2028780219969.9377,1950193062704.5215,1592625514927.0325,2173607831853.7866,1951974621517.8276,1730851771266.2188
2268935696032.3145,1788462203399.1057,1483241415724.9912,2789535005894.9834,2022063574461.425,1839993972382.1694

Pair 25: A=10,10 B=10,10

Addition - 10,10
1571441.7160820002,752417.48405900004,1488280.635704,1908125.6134529999,805193.48845499998,1577113.787612,741031.618992,1339451.095127,919339.46149599995,1045332.810084
715181.05314800004,981137.20632599993,1579471.551152,1324128.999302,385829.73372700001,1702985.8347519999,1544363.2876630002,437767.01398599998,1352803.8785880001,1096269.028253
1279654.9537760001,1685231.426335,708067.24441200006,830252.56898899993,103998.38988100001,1663646.119344,739422.15594500001,796998.35440700001,1423766.5100179999,1150250.5328279999
660785.989313,238609.70622700002,1471146.7506920001,1527770.8600619999,547578.465004,1202377.7561560001,194343.359856,1613832.3550209999,1498032.887786,485267.71392100002
371411.77843499999,912473.79385000002,1518774.5301069999,1493322.087177,483696.55925400002,1116215.2885039998,943334.95792199997,273908.518201,703333.10211099999,1146945.365454
1371171.3268550001,1729293.1428609998,338512.05226899998,1192297.4701729999,138840.34257899999,1009513.3826069999,1441244.962663,1442664.666738,261414.99452100002,1133763.0134119999
1315737.9337530001,679438.9740569999,753756.22125399997,1587501.4196870001,955391.49852399994,1587222.663587,84222.899726000003,984724.80991900002,841470.33696600003,616232.11719000002
558437.71469499997,443099.678679,973683.69177699997,706235.261314,1166968.932887,979612.36853000009,226276.76160900001,719384.49738100008,1082270.224771,620741.28238400002
442553.65349400003,1291249.1085629999,993161.10686199996,136493.32648799999,1085420.003031,901941.89084400004,696402.82077600004,602902.56279700005,1663427.3812850001,987693.75655599998
1594566.375486,1308787.5786910001,1476875.5131000001,1343809.8390279999,832572.756972,1093763.7356409999,1221027.001865,1218838.402735,1546922.2890499998,1187675.9530110001

Subtraction - 10,10
-351393.07734800002,-547796.99662700004,392821.13511399995,55975.116206999985,73185.073182999971,110691.59765399992,228093.65243999998,-463075.10205499997,-73374.636126000027,-133166.16721000004
104517.30626799999,-87430.327997999964,-140727.65153199993,244122.40726800007,-175551.33507900004,-207531.10241000005,25390.687542999978,-281195.00963800005,42433.676986000035,-902742.70872700005
-396195.93863600004,66646.327549000038,-566958.79611600004,-351327.89017699996,-8842.5801250000004,183214.42000399996,566577.77068899991,314655.71438899997,493708.559358,241862.28179000004
133569.53928699996,-123034.52567500001,475949.27607800008,294925.53819399991,-196519.91398399998,-536406.12209399999,105866.68830600001,80311.397109000012,221103.61366400006,-210904.58346300002
-13473.923455000011,748473.46279600007,-245942.31226699997,-355303.671829,34395.889058000001,399958.30709599995,-375489.90921800002,47670.516530999987,683295.38887500006,2059.9777860000031
542525.32318499999,-201664.11391900002,-32554.424001000007,462853.02700899995,133151.99230899999,-479971.79337300005,-412817.90837300004,-475846.95329000003,119093.327053,-758082.07507599995
650832.106653,-10265.793762999994,-284244.96143600001,-34179.290424999897,-539875.18930600001,348678.71900500008,-68831.279215999995,-451974.82711100008,-564858.01487000007,-125773.598134
5896.7247150000185,-196778.38939699996,-269325.31065499992,121898.37627799995,523708.17753900005,845468.03036600002,-34719.214175000001,-270540.49453500001,321129.86038099998,-8736.5306560000172
407609.37800600001,-139877.17403900006,-493557.49323599995,38187.705092000004,-601954.38903700002,-647662.79422400007,-343334.59196400002,-474086.61239300005,81598.587569000083,292075.31324599998
-330651.70257600001,-69439.051072999951,-133482.17273999995,-415167.38406800001,763556.08590600011,734086.65072699997,328042.57760900003,448167.39383900003,145894.37235399999,-645729.06220499997

Element-wise multiplication - 10,10
586487993058.66089,66512630201.028519,515167701604.81274,909452535770.25012,160745124728.38278,618758817321.16846,124275286515.62129,394922671523.41772,209950302059.28308,268746863937.17761
125140017868.09087,238746538845.83746,618731527248.19824,423430464265.54816,29511578044.9571,714272898724.61401,596103319316.84094,28142331272.225952,457069429245.04608,96715346036.753937
370136394732.94891,708890806832.8324,44979236528.974724,141472010474.15302,2684368468.6433597,683537721677.73718,56433688615.858704,134049539582.45351,445840733366.37097,316144731229.60815
104699325461.75468,10449274349.415754,484436262168.11432,561775681943.89062,65305524685.964523,289495185169.70355,6640396456.8097391,649501237401.75684,548803931228.29578,47751002712.102997
34441290636.744583,68098974988.294281,561547113084.625,525942539208.87537,58194821062.517029,271492480718.7424,187222042728.28989,18188349549.1838,6946216016.8112202,328869856956.98273
396444270323.07812,737446589775.83484,28382654752.333321,301835083192.38544,386796917.89952129,197186086807.23334,476692104232.00342,463712754424.72235,13538644702.96541,177682534507.3812
326895969816.55798,115382983236.51105,121838310744.33897,629748133403.57104,155326923855.93622,599424733679.31079,588937959.93622434,191350426731.99808,97251937757.699127,90980756067.224243
77954477457.852417,39403897677.938919,218880952168.26892,120977257546.01025,271886558775.55069,61206050551.498253,12498937252.831675,111080473972.21791,267046113049.38757,96310853171.957413
7427082795.6123056,411939659136.90137,185692496263.48718,4293031838.8915501,203946874124.72705,98508019859.302673,91774561686.420807,34683346044.22998,690083080828.85425,222557742032.98849
608327844353.53784,427025786080.48297,540835947688.74927,408365231668.64825,27539874831.96653,164358974656.94272,345823751639.76849,321178259770.2912,592920850118.78101,248402036896.10956

Element-wise division - 10,10
0.63450518104971843,0.15737441050805798,1.7171805710798649,1.0604433778898967,1.1999569175876368,1.1509682524064508,1.8893615497923044,0.48619320731210036,0.85217367960873025,0.77400715694167443
1.3423072248909462,0.83635975230463955,0.83638214537894828,1.4520757726269782,0.37457336973482308,0.78274874367951996,1.0334313963806774,0.21777506906245636,1.0647659370369114,0.09681099712719507
0.52717041780994311,1.0823513420443414,0.11067103244225951,0.40532549019136754,0.84327358893618476,1.2475148567619565,7.5559291364870314,2.3046978984783837,2.0616726818100917,1.5325086085462423
1.506697161214954,0.31958253542204729,1.9564921298913125,1.4784469437692807,0.47179050638096004,0.38301001199313367,3.3930983490076829,1.1047411796945374,1.3463051840768989,0.39410233858625471
0.92998480645638093,10.127706730659609,0.72126711055112502,0.61560237912075222,1.1531085588765997,2.1168011411484517,0.43056895790525029,1.4214191796171729,69.200934989665711,1.0035985746838745
2.3094260294074989,0.79112524297374831,0.82453589271528616,2.2690562834404573,47.815679762631774,0.35551987879677316,0.55468833897490366,0.50394154685072468,2.6735797039446192,0.19857912290072949
2.957667026296392,0.97023133885112078,0.452322470964101,0.95784707777323275,0.27788775915353031,1.5630461810100356,0.100563216348589,0.37081514401250976,0.19669113669995708,0.66099021736219266
1.021344026314549,0.38495035471780509,0.56665589689527029,1.4172195163428369,2.6282920205684777,13.605347969772106,0.73394827969505871,0.45341213375900569,1.8438124566902001,0.97224197429991122
24.329107403927985,0.80452154958026123,0.33604450337344788,1.7769180347921352,0.28651946851076587,0.16409288063609698,0.33957441993124599,0.11960746994627366,1.1031699358276446,1.8397572435147111
0.65650467721677852,0.89923420492188533,0.83422046677738859,0.52794455935335172,23.126714433265509,5.0819205977635331,1.7347106370468048,2.163057617753152,1.2082676163913395,0.29559583742174467

Transpose A - 10,10
610024.31936700002,409849.17970799998,441729.50757000002,397177.76429999998,178968.92749,956848.32501999999,983285.02020300005,282167.219705,425081.51575000002,631957.33645499998
102310.243716,446853.43916399998,875938.876942,57787.590276000003,830473.62832300004,763814.51447099994,334586.59014699998,123160.64464100001,575685.96726199996,619674.26380900003
940550.88540899998,719371.94981000002,70554.224147999994,973548.01338500006,636416.10892000003,152978.81413399999,234755.62990900001,352179.19056100002,249801.806813,671696.67018000002
982050.36482999998,784125.70328500005,239462.33940600001,911348.19912799995,569009.20767399995,827575.24859099998,776661.06463100004,414066.81879599998,87340.515790000005,464321.22748
439189.28081899998,105139.199324,47577.904878000001,175529.27551000001,259046.22415600001,135996.16744399999,207758.15460899999,845338.55521300004,241732.80699700001,798064.42143900006
843902.69263299997,747727.36617099994,923430.26967399998,332985.81703099998,758086.79779999994,264770.79461699998,967950.69129600003,912540.19944800006,127139.54831,913925.19318399997
484562.63571599999,784876.98760300002,652999.96331699996,150105.02408100001,283922.52435199998,514213.527145,7695.8102550000003,95778.773717000004,176534.11440600001,774534.78973700001
438187.99653599999,78286.002173999994,555827.03439799999,847071.87606499996,160789.51736599999,483408.85672400001,266374.99140399997,224422.00142300001,64407.975202000001,833502.89828700002
422982.41268499999,697618.77778700006,958737.53468799999,859568.25072500005,693314.24549300002,190254.160787,138306.16104800001,701700.04257599998,872512.98442700005,846408.33070199995
456083.32143700001,96763.159763000003,696056.40730900003,137181.565229,574502.67162000004,187840.46916800001,245229.259528,306002.375864,639884.53490099998,270973.44540299999

Transpose B - 10,10
961417.39671500004,305331.87344,837925.44620600005,263608.22501300002,192442.85094500001,414323.001835,332452.91355,276270.49498999998,17472.137744,962609.03903099999
650107.24034300004,534283.76716199995,809292.54939299996,180822.11595100001,82000.165527000005,965478.62838999997,344852.38390999998,319939.03403799998,715563.14130100003,689113.31488199998
547729.75029500003,860099.60134199995,637513.02026400005,497598.73730699997,882358.421187,185533.23813499999,519000.59134500002,621504.50121599995,743359.30004899995,805178.84291999997
926075.24862299999,540003.29601699999,590790.22958299995,616422.66093400004,924312.87950299995,364722.22158200003,810840.35505599994,292168.44251800003,49152.810698000001,879488.61154800002
366004.20763600001,280690.53440300003,56420.485003000002,372049.18949399999,224650.33509800001,2844.175135,747633.34391499998,321630.37767399999,843687.19603400002,34508.335532999998
733211.09497900004,955258.46858099999,740215.84967000003,869391.93912500003,358128.490704,744742.58799000003,619271.97229099995,67072.169081999993,774802.34253400005,179838.542457
256468.98327600001,759486.30006000004,86422.192628000004,44238.335775,659412.43356999999,927031.43551800004,76527.089470999999,130497.987892,519868.70637000003,446492.21212799998
901263.09859099996,359481.01181200001,241171.32000899999,766760.47895599995,113119.000835,959255.81001400005,718349.81851500005,494962.49595800001,538494.58759500005,385335.50444799999
496357.04881100002,655185.10080100002,465028.97532999999,638464.63706099999,10018.856618,71160.833734,703164.17591800005,380570.182195,790914.39685799996,700513.95834799996
589249.48864700005,999505.86849000002,454194.12551899999,348086.14869200002,572442.69383400003,945922.54424399999,371002.85766199999,314738.90652000002,347809.221655,916702.50760799996

Matrix multiplication - 10,10
2827454788987.3843,3165044523818.876,3259980942757.7627,3437779543937.5601,1647303866708.1672,3619998541771.3037,1948613276901.165,3394092461007.3926,2660186840828.9824,3163323142210.5522
2057887447656.2043,2821282823745.9517,2741612514217.1611,2677773240476.2969,1837391454890.6677,3585308880054.5278,1780002339913.2556,3049415905766.749,2586862232717.7754,2702464734623.085
2263568076400.5713,3319742493918.457,3330278965389.2065,2803321981459.5996,2013799607975.2998,3435472798327.9556,2614374614273.5645,3333497789908.2197,2961618319347.126,3540662561366.9712
2058235106172.3796,2610028728680.1514,2911831407091.8423,2351750320943.1953,1710571556218.7266,3010659239468.2368,1324781259898.1846,2694417626170.6904,2498910614014.6606,2213678864014.3564
2176790476689.4604,2972514035517.4531,3095646732810.4658,2673407006152.4941,1475316961978.5442,3374776623873.3003,2290048233129.9014,2684381611490.6089,2560367263055.8838,3211753719338.6562
2124004616235.9111,2167949850784.7681,2719488661031.5273,2854098204848.8506,1619359709079.2263,3041878504867.7607,1495679945198.2551,2861248556933.4814,2422706402097.7832,2594399955437.2979
2204601494423.6636,2455835497880.7144,2195193739256.4302,2560324175675.3774,1022006374159.0649,2858736842581.3086,1812005697174.0437,2916965658503.2715,1771237722035.5183,2684927237374.0444
1654566387582.3623,2377297975668.8184,2563428294543.9956,2352146885777.8579,1250632087728.5732,2600636167444.375,2156075753537.8486,2347648142992.644,1644395830296.2683,2571294972694.5972
1623678205935.2026,2091232643786.3569,2463036375215.3936,1943372884050.8228,1329334830819.6565,2208445035853.0068,1610172436009.5525,1741683200216.2002,2058546575909.1074,2204201626002.6089
2777652386423.7544,3643457548141.6738,4179504220625.8774,3825374914431.0005,2368370936326.604,4162716654023.2842,2813844934173.8618,3806443994198.8999,3122608975697.2617,3872282732123.9858

